image_width: 800
image_height: 600
camera_name: camera
camera_matrix:
  rows: 3
  cols: 3
  data: [0.997926780030957, 0.00183645874317796, 405.394942650375, 0.000216671646193187, 1, 297.65398340872, 0, 0, 0]
distortion_model: taylor
distortion_coefficients:
  rows: 1
  cols: 4
  data: [202.268876553405, -0.00178175438621846, 8.25354211793693e-07, -7.54261221238905e-09]
rectification_matrix:
  rows: 3
  cols: 3
  data: [-0.599473348891798, 0.0547397915949232, 0.798520669227929, 0.00724148588869591, 0.997988692376113, -0.0629772242297458, -0.800361958647732, -0.0319706913548889, -0.598664021003192]
projection_matrix:
  rows: 3
  cols: 4
  data: [0, 0, 0, 0.0165997205631657, 0, 0, 0, 0.0171651682021957, 0, 0, 0, -0.0598907213399746]