%YAML:1.0
Camera.Iw: 800
Camera.Ih: 600

Camera.nrpol: 5
Camera.nrinvpol: 11

Camera.a0: -202.2688765534049935
Camera.a1: 0
Camera.a2: 0.0017817543862184599679
Camera.a3: -8.2535421179369305038e-07
Camera.a4: 7.5426122123890502175e-09

Camera.pol0: 301.856
Camera.pol1: 179.673004
Camera.pol2: 7.82319
Camera.pol3: 27.573299
Camera.pol4: 13.2702
Camera.pol5: 2.477320
Camera.pol6: 4.10468
Camera.pol7: 3.586460
Camera.pol8: 1.47107
Camera.pol9: 0.612149
Camera.pol10: 0.163215

Camera.c: 0.99792678003095702799
Camera.d: 0.0018364587431779599413
Camera.e: 0.00021667164619318699881

Camera.u0: 405.39494265037501464
Camera.v0: 297.65398340872002336

Camera.mirrorMask: 1

