image_width: 800
image_height: 600
camera_name: camera
camera_matrix:
  rows: 3
  cols: 3
  data: [0.998334243687198, 0.00140340563164084, 409.082751767108, 0.000966176683455571, 1, 295.25390519215, 0, 0, 0]
distortion_model: taylor
distortion_coefficients:
  rows: 1
  cols: 4
  data: [207.349345554696, -0.00190820023379605, 2.32127086866084e-06, -1.40380300269723e-08]
rectification_matrix:
  rows: 3
  cols: 3
  data: [-0.464389224623153, 0.0132240338868358, -0.885532479913488, 0.03100606924427, 0.999518306162649, -0.00133390985710432, 0.885088284706095, -0.0280763347545053, -0.464575556505941]
projection_matrix:
  rows: 3
  cols: 4
  data: [0, 0, 0, -0.151369662284903, 0, 0, 0, 0.0272226447205522, 0, 0, 0, -0.0554680645046608]