%YAML:1.0
Camera.Iw: 800
Camera.Ih: 600

Camera.nrpol: 5
Camera.nrinvpol: 12

Camera.a0: -207.78253112888100418
Camera.a1: 0
Camera.a2: 0.00199700305313728994
Camera.a3: -2.6134865121142400069e-06
Camera.a4: 1.1786530841329200097e-08

Camera.pol0: 301.771
Camera.pol1: 168.878006
Camera.pol2: -2.37837
Camera.pol3: 26.423000
Camera.pol4: 11.78
Camera.pol5: 0.905797
Camera.pol6: 5.82638
Camera.pol7: 2.504760
Camera.pol8: -1.62328
Camera.pol9: 0.651013
Camera.pol10: 1.498
Camera.pol11: 0.408095

Camera.c: 0.99836630611233301291
Camera.d: -9.7970023795607193563e-05
Camera.e: 0.00010294781858613599789

Camera.u0: 413.44699037092800609
Camera.v0: 303.52619595073497294

Camera.mirrorMask: 1

