%YAML:1.0

# Camera calibration and distortion parameters (OpenCV) 
Camera.fx: 458.654
Camera.fy: 457.296
Camera.cx: 367.215
Camera.cy: 248.375

Camera.k1: -0.28340811
Camera.k2: 0.07395907
Camera.p1: 0.00019359
Camera.p2: 1.76187114e-05

image.Width: 752
image.Height: 480




